# Created by Octave 4.0.1-rc1, Sat Mar 18 07:11:38 2017 UTC <unknown@oo-back-cluster-asd6bf291f>
# name: a
# type: matrix
# rows: 2
# columns: 2
 10 10
 10 10


